36312025000178
36885948000119
36885989000105
54417489000120
17322459000104
21550382000105
32313836000132
34031790000194
34525200000180
48288787000165
52269708000146
54796372000103
61708110000105
33521644000184
34599321000176
37457367000149
47094392000169
51531327000120
17417511000106
32525907000160
33521273000130
34706460000151
53323654000112
53326498000143
57698725000112
41185019000137
30248129000184
41219454000135
41650310000139
41650319000140
44728452000160
51382517000123
54246795000141
33701527000100
36896684000107
46079934000161
46879430000126
63803585000106